4               8       0.0065625               0               0           10000           10001
8              12       0.0339375               0               0           10000           10001
12              13       0.0339375               0               0           10000           10001
13              14       0.0339375               0               0           10000           10001
14              15      0.03346875               0               0           10000           10001
15              11      0.03309375               0               0           10000           10001
11               7        0.028125               0               0           10000           10001
7               2      0.02934375               0               0           10000           10001
2               3      0.02934375               0               0           10000           10001
3               2       0.0088125               0               0           10000           10001
3               7        0.046875               0               0           10000           10001
10              15          0.0015               0               0           10000           10001
10               2          0.0015               0               0           10000           10001
10               1          0.0015               0               0           10000           10001
6              10          0.0015               0               0           10000           10001
5               6          0.0015               0               0           10000           10001
5               1          0.0015               0               0           10000           10001
1               0      0.01471875               0               0           10000           10001
0               5          0.0015               0               0           10000           10001
13               9      0.00459375               0               0           10000           10001
9              14      0.00253125               0               0           10000           10001
