37              44           0.005               0               0           10000           10001
37              45           0.001               0               0           10000           10001
37              42           0.001               0               0           10000           10001
37              38          0.0005               0               0           10000           10001
37              22          0.0005               0               0           10000           10001
37              24          0.0005               0               0           10000           10001
37              17          0.0005               0               0           10000           10001
44              45           0.007               0               0           10000           10001
44              42           0.003               0               0           10000           10001
44              43          0.0005               0               0           10000           10001
44              36          0.0015               0               0           10000           10001
45               4          0.0005               0               0           10000           10001
45               3           0.001               0               0           10000           10001
45              43           0.001               0               0           10000           10001
45               7          0.0005               0               0           10000           10001
45              46           0.001               0               0           10000           10001
45               9          0.0005               0               0           10000           10001
45              38          0.0005               0               0           10000           10001
45              33          0.0005               0               0           10000           10001
45              14          0.0005               0               0           10000           10001
45              30           0.001               0               0           10000           10001
45              36          0.0005               0               0           10000           10001
45              29          0.0005               0               0           10000           10001
45              22          0.0005               0               0           10000           10001
45              31           0.001               0               0           10000           10001
45              27          0.0005               0               0           10000           10001
45              19          0.0005               0               0           10000           10001
45              26          0.0005               0               0           10000           10001
45               6          0.0005               0               0           10000           10001
45              34          0.0005               0               0           10000           10001
45              28          0.0005               0               0           10000           10001
45              23          0.0005               0               0           10000           10001
45              15          0.0005               0               0           10000           10001
45              16          0.0005               0               0           10000           10001
45              24          0.0005               0               0           10000           10001
45              17          0.0005               0               0           10000           10001
45              25          0.0005               0               0           10000           10001
5               4          0.0075               0               0           10000           10001
5               3          0.0025               0               0           10000           10001
5              42          0.0025               0               0           10000           10001
5               7          0.0005               0               0           10000           10001
5              33          0.0005               0               0           10000           10001
5              31          0.0005               0               0           10000           10001
5              26          0.0005               0               0           10000           10001
4               3           0.004               0               0           10000           10001
4              42          0.0005               0               0           10000           10001
4              43          0.0005               0               0           10000           10001
4              46          0.0005               0               0           10000           10001
4               9          0.0005               0               0           10000           10001
4              38          0.0005               0               0           10000           10001
4              33           0.001               0               0           10000           10001
4              14          0.0005               0               0           10000           10001
4              30          0.0005               0               0           10000           10001
4              29          0.0015               0               0           10000           10001
4              22          0.0005               0               0           10000           10001
4              31           0.001               0               0           10000           10001
4              27          0.0005               0               0           10000           10001
4              19          0.0005               0               0           10000           10001
4              26           0.001               0               0           10000           10001
4               6          0.0025               0               0           10000           10001
4               2          0.0015               0               0           10000           10001
4              34          0.0025               0               0           10000           10001
4              28          0.0005               0               0           10000           10001
4              23          0.0005               0               0           10000           10001
4              15          0.0005               0               0           10000           10001
4              16          0.0005               0               0           10000           10001
4              24          0.0005               0               0           10000           10001
4              17          0.0005               0               0           10000           10001
4              18          0.0005               0               0           10000           10001
4              25           0.001               0               0           10000           10001
3              43          0.0005               0               0           10000           10001
3              46          0.0005               0               0           10000           10001
3               9          0.0005               0               0           10000           10001
3              38          0.0005               0               0           10000           10001
3              33          0.0005               0               0           10000           10001
3              14          0.0005               0               0           10000           10001
3              30          0.0005               0               0           10000           10001
3              36          0.0005               0               0           10000           10001
3              22          0.0005               0               0           10000           10001
3              31          0.0005               0               0           10000           10001
3              27          0.0005               0               0           10000           10001
3              19          0.0005               0               0           10000           10001
3              26          0.0005               0               0           10000           10001
3               6          0.0005               0               0           10000           10001
3              34           0.001               0               0           10000           10001
3              28          0.0005               0               0           10000           10001
3              23          0.0005               0               0           10000           10001
3              15          0.0005               0               0           10000           10001
3              16          0.0005               0               0           10000           10001
3              24          0.0005               0               0           10000           10001
3              17          0.0005               0               0           10000           10001
3              25          0.0005               0               0           10000           10001
42              43          0.0025               0               0           10000           10001
42               7          0.0035               0               0           10000           10001
42              47          0.0005               0               0           10000           10001
42              21          0.0005               0               0           10000           10001
42              36           0.001               0               0           10000           10001
42              29          0.0015               0               0           10000           10001
42              22          0.0005               0               0           10000           10001
43               7           0.002               0               0           10000           10001
43              46           0.001               0               0           10000           10001
43               9          0.0005               0               0           10000           10001
43              38          0.0005               0               0           10000           10001
43              33          0.0005               0               0           10000           10001
43              14          0.0005               0               0           10000           10001
43              30           0.001               0               0           10000           10001
43              36          0.0005               0               0           10000           10001
43              22           0.001               0               0           10000           10001
43              31           0.001               0               0           10000           10001
43              27          0.0005               0               0           10000           10001
43              19          0.0005               0               0           10000           10001
43              26          0.0005               0               0           10000           10001
43               6          0.0005               0               0           10000           10001
43              34          0.0005               0               0           10000           10001
43              28          0.0005               0               0           10000           10001
43              23          0.0005               0               0           10000           10001
43              15          0.0005               0               0           10000           10001
43              16          0.0005               0               0           10000           10001
43              24          0.0005               0               0           10000           10001
43              17          0.0005               0               0           10000           10001
43              25          0.0005               0               0           10000           10001
7              36          0.0005               0               0           10000           10001
7              29           0.001               0               0           10000           10001
7               8          0.0005               0               0           10000           10001
7              23          0.0005               0               0           10000           10001
46               9          0.0005               0               0           10000           10001
46              38          0.0005               0               0           10000           10001
46              33          0.0005               0               0           10000           10001
46              14          0.0005               0               0           10000           10001
46              30           0.001               0               0           10000           10001
46              22          0.0005               0               0           10000           10001
46              31           0.001               0               0           10000           10001
46              27          0.0005               0               0           10000           10001
46              19          0.0005               0               0           10000           10001
46              26          0.0005               0               0           10000           10001
46               6          0.0005               0               0           10000           10001
46              34          0.0005               0               0           10000           10001
46              28          0.0005               0               0           10000           10001
46              23          0.0005               0               0           10000           10001
46              15          0.0005               0               0           10000           10001
46              16          0.0005               0               0           10000           10001
46              24          0.0005               0               0           10000           10001
46              17          0.0005               0               0           10000           10001
46              25          0.0005               0               0           10000           10001
10               9           0.006               0               0           10000           10001
10              11          0.0065               0               0           10000           10001
9              11          0.0025               0               0           10000           10001
9              38          0.0005               0               0           10000           10001
9              33          0.0005               0               0           10000           10001
9              14          0.0005               0               0           10000           10001
9              30          0.0005               0               0           10000           10001
9              22          0.0005               0               0           10000           10001
9              31           0.001               0               0           10000           10001
9              27          0.0005               0               0           10000           10001
9              19          0.0005               0               0           10000           10001
9              26          0.0005               0               0           10000           10001
9               6          0.0005               0               0           10000           10001
9              34          0.0005               0               0           10000           10001
9              28          0.0005               0               0           10000           10001
9              23          0.0005               0               0           10000           10001
9              15          0.0005               0               0           10000           10001
9              16          0.0005               0               0           10000           10001
9              24          0.0005               0               0           10000           10001
9              17          0.0005               0               0           10000           10001
9              25          0.0005               0               0           10000           10001
11              26          0.0005               0               0           10000           10001
11              17          0.0015               0               0           10000           10001
38              48           0.001               0               0           10000           10001
38              47           0.003               0               0           10000           10001
38              40          0.0015               0               0           10000           10001
38              33          0.0045               0               0           10000           10001
38              14          0.0015               0               0           10000           10001
38              21           0.001               0               0           10000           10001
38              30          0.0005               0               0           10000           10001
38              36           0.001               0               0           10000           10001
38              29           0.001               0               0           10000           10001
38              22          0.0025               0               0           10000           10001
38              31          0.0025               0               0           10000           10001
38              27           0.001               0               0           10000           10001
38              19          0.0005               0               0           10000           10001
38              26           0.001               0               0           10000           10001
38               6          0.0005               0               0           10000           10001
38               8          0.0005               0               0           10000           10001
38              41           0.002               0               0           10000           10001
38              34          0.0005               0               0           10000           10001
38              28           0.001               0               0           10000           10001
38              23          0.0015               0               0           10000           10001
38              15           0.001               0               0           10000           10001
38              16           0.001               0               0           10000           10001
38              24          0.0015               0               0           10000           10001
38              17           0.001               0               0           10000           10001
38              25           0.002               0               0           10000           10001
48              47           0.004               0               0           10000           10001
48              14           0.001               0               0           10000           10001
48              21           0.001               0               0           10000           10001
47              40          0.0025               0               0           10000           10001
47              33          0.0025               0               0           10000           10001
47              14          0.0015               0               0           10000           10001
47              21           0.002               0               0           10000           10001
47              29          0.0005               0               0           10000           10001
47              22           0.001               0               0           10000           10001
47              31           0.001               0               0           10000           10001
47              26          0.0005               0               0           10000           10001
47              18          0.0005               0               0           10000           10001
47              25          0.0005               0               0           10000           10001
40              33          0.0035               0               0           10000           10001
40              31           0.001               0               0           10000           10001
40              26          0.0005               0               0           10000           10001
40              41           0.001               0               0           10000           10001
40              24          0.0005               0               0           10000           10001
40              18          0.0005               0               0           10000           10001
40              25           0.001               0               0           10000           10001
33              14          0.0005               0               0           10000           10001
33              30          0.0005               0               0           10000           10001
33              22           0.001               0               0           10000           10001
33              31           0.002               0               0           10000           10001
33              27           0.001               0               0           10000           10001
33              19           0.001               0               0           10000           10001
33              26          0.0065               0               0           10000           10001
33               6          0.0005               0               0           10000           10001
33               8           0.001               0               0           10000           10001
33              41           0.002               0               0           10000           10001
33              34           0.001               0               0           10000           10001
33              28          0.0005               0               0           10000           10001
33              23          0.0015               0               0           10000           10001
33              15          0.0005               0               0           10000           10001
33              16           0.001               0               0           10000           10001
33              24           0.001               0               0           10000           10001
33              17          0.0005               0               0           10000           10001
33              18           0.001               0               0           10000           10001
33              32          0.0005               0               0           10000           10001
33              25          0.0025               0               0           10000           10001
14              21           0.007               0               0           10000           10001
14              30          0.0005               0               0           10000           10001
14              22          0.0035               0               0           10000           10001
14              31          0.0005               0               0           10000           10001
14              27          0.0005               0               0           10000           10001
14              19          0.0005               0               0           10000           10001
14              26          0.0005               0               0           10000           10001
14               6          0.0005               0               0           10000           10001
14              34          0.0005               0               0           10000           10001
14              28          0.0005               0               0           10000           10001
14              23          0.0005               0               0           10000           10001
14              15          0.0005               0               0           10000           10001
14              16          0.0005               0               0           10000           10001
14              24          0.0005               0               0           10000           10001
14              17          0.0005               0               0           10000           10001
14              25          0.0005               0               0           10000           10001
21              29          0.0005               0               0           10000           10001
21              22           0.008               0               0           10000           10001
21              27           0.001               0               0           10000           10001
21               1           0.001               0               0           10000           10001
21              41           0.001               0               0           10000           10001
21              23           0.001               0               0           10000           10001
30              36          0.0045               0               0           10000           10001
30              29           0.002               0               0           10000           10001
30              22          0.0005               0               0           10000           10001
30              31           0.001               0               0           10000           10001
30              27          0.0005               0               0           10000           10001
30              19          0.0005               0               0           10000           10001
30              26          0.0005               0               0           10000           10001
30               6          0.0005               0               0           10000           10001
30              34          0.0005               0               0           10000           10001
30              28          0.0005               0               0           10000           10001
30              23          0.0005               0               0           10000           10001
30              15          0.0005               0               0           10000           10001
30              16          0.0005               0               0           10000           10001
30              24          0.0005               0               0           10000           10001
30              17          0.0005               0               0           10000           10001
30              25          0.0005               0               0           10000           10001
36              29           0.005               0               0           10000           10001
36              22          0.0005               0               0           10000           10001
36              31           0.002               0               0           10000           10001
36              41           0.001               0               0           10000           10001
36              23          0.0015               0               0           10000           10001
36              25           0.001               0               0           10000           10001
29              22           0.003               0               0           10000           10001
29              31          0.0015               0               0           10000           10001
29               8          0.0005               0               0           10000           10001
29              34          0.0005               0               0           10000           10001
29              28           0.001               0               0           10000           10001
29              25          0.0005               0               0           10000           10001
22              31           0.004               0               0           10000           10001
22              27          0.0005               0               0           10000           10001
22              19           0.001               0               0           10000           10001
22              26           0.001               0               0           10000           10001
22               6          0.0005               0               0           10000           10001
22               8          0.0005               0               0           10000           10001
22              41          0.0005               0               0           10000           10001
22              34          0.0005               0               0           10000           10001
22              28           0.001               0               0           10000           10001
22              23          0.0015               0               0           10000           10001
22              15           0.001               0               0           10000           10001
22              16           0.002               0               0           10000           10001
22              24          0.0015               0               0           10000           10001
22              17           0.002               0               0           10000           10001
22              18          0.0005               0               0           10000           10001
22              25           0.001               0               0           10000           10001
31              27          0.0005               0               0           10000           10001
31              13           0.001               0               0           10000           10001
31              19           0.002               0               0           10000           10001
31              26          0.0025               0               0           10000           10001
31               6           0.001               0               0           10000           10001
31               1           0.001               0               0           10000           10001
31               8          0.0005               0               0           10000           10001
31              41           0.002               0               0           10000           10001
31              34          0.0005               0               0           10000           10001
31              28          0.0005               0               0           10000           10001
31              23           0.001               0               0           10000           10001
31              15          0.0005               0               0           10000           10001
31              16          0.0015               0               0           10000           10001
31              24           0.001               0               0           10000           10001
31              17          0.0015               0               0           10000           10001
31              18          0.0005               0               0           10000           10001
31              25           0.001               0               0           10000           10001
27              20           0.003               0               0           10000           10001
27              19          0.0005               0               0           10000           10001
27              26          0.0015               0               0           10000           10001
27               6          0.0005               0               0           10000           10001
27              34          0.0005               0               0           10000           10001
27              28          0.0005               0               0           10000           10001
27              23          0.0005               0               0           10000           10001
27              15          0.0005               0               0           10000           10001
27              16          0.0005               0               0           10000           10001
27              24          0.0005               0               0           10000           10001
27              17          0.0005               0               0           10000           10001
27              25          0.0005               0               0           10000           10001
20              13          0.0045               0               0           10000           10001
20              19           0.002               0               0           10000           10001
20              26           0.001               0               0           10000           10001
13              19          0.0005               0               0           10000           10001
13              26           0.001               0               0           10000           10001
13               8          0.0005               0               0           10000           10001
19              12           0.001               0               0           10000           10001
19              26           0.003               0               0           10000           10001
19               6           0.001               0               0           10000           10001
19               8          0.0005               0               0           10000           10001
19              41          0.0005               0               0           10000           10001
19              34          0.0005               0               0           10000           10001
19              28          0.0005               0               0           10000           10001
19              23           0.001               0               0           10000           10001
19              15          0.0005               0               0           10000           10001
19              16           0.001               0               0           10000           10001
19              24           0.001               0               0           10000           10001
19              17           0.001               0               0           10000           10001
19              18          0.0005               0               0           10000           10001
19              25          0.0005               0               0           10000           10001
12              26           0.001               0               0           10000           10001
26               6           0.002               0               0           10000           10001
26               2          0.0005               0               0           10000           10001
26               8          0.0025               0               0           10000           10001
26              41          0.0005               0               0           10000           10001
26              34           0.001               0               0           10000           10001
26              28          0.0005               0               0           10000           10001
26              23           0.001               0               0           10000           10001
26              15          0.0005               0               0           10000           10001
26              16           0.001               0               0           10000           10001
26              24           0.001               0               0           10000           10001
26              17           0.001               0               0           10000           10001
26              18          0.0015               0               0           10000           10001
26              32          0.0005               0               0           10000           10001
26              25          0.0015               0               0           10000           10001
6               2          0.0045               0               0           10000           10001
6              41          0.0005               0               0           10000           10001
6              34           0.001               0               0           10000           10001
6              28          0.0005               0               0           10000           10001
6              23          0.0005               0               0           10000           10001
6              15          0.0005               0               0           10000           10001
6              16          0.0005               0               0           10000           10001
6              24          0.0005               0               0           10000           10001
6              17          0.0005               0               0           10000           10001
6              18          0.0005               0               0           10000           10001
6              25          0.0005               0               0           10000           10001
2               1           0.005               0               0           10000           10001
1               8           0.001               0               0           10000           10001
1              17          0.0005               0               0           10000           10001
8              41          0.0005               0               0           10000           10001
8              34          0.0005               0               0           10000           10001
8              28          0.0005               0               0           10000           10001
8              23          0.0005               0               0           10000           10001
8              17          0.0005               0               0           10000           10001
8              18          0.0015               0               0           10000           10001
8              32          0.0005               0               0           10000           10001
8              25           0.001               0               0           10000           10001
41              34           0.004               0               0           10000           10001
41              16          0.0005               0               0           10000           10001
41              24          0.0005               0               0           10000           10001
41              17          0.0005               0               0           10000           10001
41              25           0.001               0               0           10000           10001
34              28          0.0005               0               0           10000           10001
34              23          0.0005               0               0           10000           10001
34              15          0.0005               0               0           10000           10001
34              16          0.0005               0               0           10000           10001
34              24          0.0005               0               0           10000           10001
34              17          0.0005               0               0           10000           10001
34              18           0.001               0               0           10000           10001
34              32          0.0005               0               0           10000           10001
34              25          0.0015               0               0           10000           10001
35              28           0.004               0               0           10000           10001
35               0          0.0025               0               0           10000           10001
35              23           0.001               0               0           10000           10001
35              15          0.0005               0               0           10000           10001
28              23           0.001               0               0           10000           10001
28              15          0.0005               0               0           10000           10001
28              16          0.0005               0               0           10000           10001
28              24          0.0005               0               0           10000           10001
28              17          0.0005               0               0           10000           10001
28              25           0.001               0               0           10000           10001
0              23           0.003               0               0           10000           10001
0              16           0.001               0               0           10000           10001
23              15           0.001               0               0           10000           10001
23              16           0.003               0               0           10000           10001
23              24          0.0015               0               0           10000           10001
23              17           0.001               0               0           10000           10001
23              18          0.0005               0               0           10000           10001
23              25          0.0005               0               0           10000           10001
15              16           0.001               0               0           10000           10001
15              24          0.0005               0               0           10000           10001
15              17          0.0005               0               0           10000           10001
15              25          0.0005               0               0           10000           10001
16              24          0.0015               0               0           10000           10001
16              17           0.001               0               0           10000           10001
16              18           0.001               0               0           10000           10001
16              25          0.0005               0               0           10000           10001
24              17          0.0035               0               0           10000           10001
24              18          0.0005               0               0           10000           10001
24              25           0.001               0               0           10000           10001
17              18          0.0005               0               0           10000           10001
17              25          0.0005               0               0           10000           10001
18              39          0.0025               0               0           10000           10001
18              32           0.004               0               0           10000           10001
18              25           0.003               0               0           10000           10001
39              32           0.005               0               0           10000           10001
39              25           0.001               0               0           10000           10001
32              25           0.003               0               0           10000           10001
