12               8       0.0016875               0               0           10000           10001
8               4       0.0050625               0               0           10000           10001
8               6       0.0016875               0               0           10000           10001
8               9       0.0050625               0               0           10000           10001
4               5       0.0050625               0               0           10000           10001
5               1       0.0050625               0               0           10000           10001
5               9       0.0050625               0               0           10000           10001
9               1      0.00665625               0               0           10000           10001
9              11       0.0050625               0               0           10000           10001
7              11      0.00665625               0               0           10000           10001
6               7      0.00103125               0               0           10000           10001
7              15       0.0050625               0               0           10000           10001
15              11       0.0050625               0               0           10000           10001
9              13       0.0050625               0               0           10000           10001
10               9       0.0050625               0               0           10000           10001
10               6       0.0016875               0               0           10000           10001
0               1      0.00665625               0               0           10000           10001
2               1       0.0050625               0               0           10000           10001
2               0       0.0050625               0               0           10000           10001
2               6        0.003375               0               0           10000           10001
3               2       0.0016875               0               0           10000           10001
14               6       0.0016875               0               0           10000           10001
