4               3         0.00955               0               0           10000           10001
3               4         0.00955               0               0           10000           10001
0               3            0.03               0               0           10000           10001
3               0            0.03               0               0           10000           10001
3               5        0.003025               0               0           10000           10001
5               3        0.003025               0               0           10000           10001
3               6          0.0471               0               0           10000           10001
6               3          0.0471               0               0           10000           10001
0               1         0.01785               0               0           10000           10001
1               0         0.01785               0               0           10000           10001
1               6           0.002               0               0           10000           10001
6               1           0.002               0               0           10000           10001
5               2           0.025               0               0           10000           10001
2               5           0.025               0               0           10000           10001
6               2          0.0008               0               0           10000           10001
2               6          0.0008               0               0           10000           10001
6               7          0.0351               0               0           10000           10001
7               6          0.0351               0               0           10000           10001
7               8          0.0125               0               0           10000           10001
8               7          0.0125               0               0           10000           10001
