19               8           0.005               0               0           10000           10001
19              14            0.01               0               0           10000           10001
5               6           0.015               0               0           10000           10001
5               1           0.005               0               0           10000           10001
5               0           0.005               0               0           10000           10001
5               2           0.005               0               0           10000           10001
5               7           0.005               0               0           10000           10001
5              22           0.005               0               0           10000           10001
5              15            0.01               0               0           10000           10001
5              11           0.005               0               0           10000           10001
5              10           0.005               0               0           10000           10001
6               1            0.01               0               0           10000           10001
6               0           0.005               0               0           10000           10001
6               2           0.005               0               0           10000           10001
6               7           0.005               0               0           10000           10001
6              16           0.005               0               0           10000           10001
1               0           0.005               0               0           10000           10001
1               2           0.005               0               0           10000           10001
1               7           0.005               0               0           10000           10001
0               2           0.005               0               0           10000           10001
0               7           0.005               0               0           10000           10001
2              12           0.005               0               0           10000           10001
2               7           0.005               0               0           10000           10001
20               7           0.005               0               0           10000           10001
7              22           0.005               0               0           10000           10001
7               3           0.005               0               0           10000           10001
7              17            0.01               0               0           10000           10001
7               8           0.005               0               0           10000           10001
7              13           0.005               0               0           10000           10001
23              22           0.005               0               0           10000           10001
23              13           0.005               0               0           10000           10001
24              22           0.005               0               0           10000           10001
21              22           0.005               0               0           10000           10001
21              17           0.005               0               0           10000           10001
22              17            0.01               0               0           10000           10001
15              11           0.005               0               0           10000           10001
15              10            0.02               0               0           10000           10001
15              16            0.02               0               0           10000           10001
11              10            0.01               0               0           10000           10001
11              16           0.005               0               0           10000           10001
11              14           0.005               0               0           10000           10001
10              16            0.01               0               0           10000           10001
3               8           0.005               0               0           10000           10001
3              13           0.005               0               0           10000           10001
16              18           0.005               0               0           10000           10001
4              14           0.005               0               0           10000           10001
4               9           0.005               0               0           10000           10001
8              13           0.015               0               0           10000           10001
8              14           0.005               0               0           10000           10001
13              14           0.005               0               0           10000           10001
14               9            0.01               0               0           10000           10001
