41              40           0.005               0               0           10000           10001
41              39           0.001               0               0           10000           10001
41               4           0.001               0               0           10000           10001
41              38          0.0005               0               0           10000           10001
41              37          0.0005               0               0           10000           10001
41              36          0.0005               0               0           10000           10001
41              29          0.0005               0               0           10000           10001
40              39           0.007               0               0           10000           10001
40               4           0.003               0               0           10000           10001
40              11          0.0005               0               0           10000           10001
40              25          0.0015               0               0           10000           10001
39               9          0.0005               0               0           10000           10001
39               1           0.001               0               0           10000           10001
39              11           0.001               0               0           10000           10001
39               3          0.0005               0               0           10000           10001
39              43           0.001               0               0           10000           10001
39              27          0.0005               0               0           10000           10001
39              38          0.0005               0               0           10000           10001
39              17          0.0005               0               0           10000           10001
39              45          0.0005               0               0           10000           10001
39              32           0.001               0               0           10000           10001
39              25          0.0005               0               0           10000           10001
39              26          0.0005               0               0           10000           10001
39              37          0.0005               0               0           10000           10001
39              23           0.001               0               0           10000           10001
39              28          0.0005               0               0           10000           10001
39              22          0.0005               0               0           10000           10001
39              24          0.0005               0               0           10000           10001
39              10          0.0005               0               0           10000           10001
39               8          0.0005               0               0           10000           10001
39              33          0.0005               0               0           10000           10001
39              31          0.0005               0               0           10000           10001
39              21          0.0005               0               0           10000           10001
39              30          0.0005               0               0           10000           10001
39              36          0.0005               0               0           10000           10001
39              29          0.0005               0               0           10000           10001
39              15          0.0005               0               0           10000           10001
2               9          0.0075               0               0           10000           10001
2               1          0.0025               0               0           10000           10001
2               4          0.0025               0               0           10000           10001
2               3          0.0005               0               0           10000           10001
2              17          0.0005               0               0           10000           10001
2              23          0.0005               0               0           10000           10001
2              24          0.0005               0               0           10000           10001
9               1           0.004               0               0           10000           10001
9               4          0.0005               0               0           10000           10001
9              11          0.0005               0               0           10000           10001
9              43          0.0005               0               0           10000           10001
9              27          0.0005               0               0           10000           10001
9              38          0.0005               0               0           10000           10001
9              17           0.001               0               0           10000           10001
9              45          0.0005               0               0           10000           10001
9              32          0.0005               0               0           10000           10001
9              26          0.0015               0               0           10000           10001
9              37          0.0005               0               0           10000           10001
9              23           0.001               0               0           10000           10001
9              28          0.0005               0               0           10000           10001
9              22          0.0005               0               0           10000           10001
9              24           0.001               0               0           10000           10001
9              10          0.0025               0               0           10000           10001
9               5          0.0015               0               0           10000           10001
9               8          0.0025               0               0           10000           10001
9              33          0.0005               0               0           10000           10001
9              31          0.0005               0               0           10000           10001
9              21          0.0005               0               0           10000           10001
9              30          0.0005               0               0           10000           10001
9              36          0.0005               0               0           10000           10001
9              29          0.0005               0               0           10000           10001
9              14          0.0005               0               0           10000           10001
9              15           0.001               0               0           10000           10001
1              11          0.0005               0               0           10000           10001
1              43          0.0005               0               0           10000           10001
1              27          0.0005               0               0           10000           10001
1              38          0.0005               0               0           10000           10001
1              17          0.0005               0               0           10000           10001
1              45          0.0005               0               0           10000           10001
1              32          0.0005               0               0           10000           10001
1              25          0.0005               0               0           10000           10001
1              37          0.0005               0               0           10000           10001
1              23          0.0005               0               0           10000           10001
1              28          0.0005               0               0           10000           10001
1              22          0.0005               0               0           10000           10001
1              24          0.0005               0               0           10000           10001
1              10          0.0005               0               0           10000           10001
1               8           0.001               0               0           10000           10001
1              33          0.0005               0               0           10000           10001
1              31          0.0005               0               0           10000           10001
1              21          0.0005               0               0           10000           10001
1              30          0.0005               0               0           10000           10001
1              36          0.0005               0               0           10000           10001
1              29          0.0005               0               0           10000           10001
1              15          0.0005               0               0           10000           10001
4              11          0.0025               0               0           10000           10001
4               3          0.0035               0               0           10000           10001
4              46          0.0005               0               0           10000           10001
4              44          0.0005               0               0           10000           10001
4              25           0.001               0               0           10000           10001
4              26          0.0015               0               0           10000           10001
4              37          0.0005               0               0           10000           10001
11               3           0.002               0               0           10000           10001
11              43           0.001               0               0           10000           10001
11              27          0.0005               0               0           10000           10001
11              38          0.0005               0               0           10000           10001
11              17          0.0005               0               0           10000           10001
11              45          0.0005               0               0           10000           10001
11              32           0.001               0               0           10000           10001
11              25          0.0005               0               0           10000           10001
11              37           0.001               0               0           10000           10001
11              23           0.001               0               0           10000           10001
11              28          0.0005               0               0           10000           10001
11              22          0.0005               0               0           10000           10001
11              24          0.0005               0               0           10000           10001
11              10          0.0005               0               0           10000           10001
11               8          0.0005               0               0           10000           10001
11              33          0.0005               0               0           10000           10001
11              31          0.0005               0               0           10000           10001
11              21          0.0005               0               0           10000           10001
11              30          0.0005               0               0           10000           10001
11              36          0.0005               0               0           10000           10001
11              29          0.0005               0               0           10000           10001
11              15          0.0005               0               0           10000           10001
3              25          0.0005               0               0           10000           10001
3              26           0.001               0               0           10000           10001
3              19          0.0005               0               0           10000           10001
3              31          0.0005               0               0           10000           10001
43              27          0.0005               0               0           10000           10001
43              38          0.0005               0               0           10000           10001
43              17          0.0005               0               0           10000           10001
43              45          0.0005               0               0           10000           10001
43              32           0.001               0               0           10000           10001
43              37          0.0005               0               0           10000           10001
43              23           0.001               0               0           10000           10001
43              28          0.0005               0               0           10000           10001
43              22          0.0005               0               0           10000           10001
43              24          0.0005               0               0           10000           10001
43              10          0.0005               0               0           10000           10001
43               8          0.0005               0               0           10000           10001
43              33          0.0005               0               0           10000           10001
43              31          0.0005               0               0           10000           10001
43              21          0.0005               0               0           10000           10001
43              30          0.0005               0               0           10000           10001
43              36          0.0005               0               0           10000           10001
43              29          0.0005               0               0           10000           10001
43              15          0.0005               0               0           10000           10001
20              27           0.006               0               0           10000           10001
20              13          0.0065               0               0           10000           10001
27              13          0.0025               0               0           10000           10001
27              38          0.0005               0               0           10000           10001
27              17          0.0005               0               0           10000           10001
27              45          0.0005               0               0           10000           10001
27              32          0.0005               0               0           10000           10001
27              37          0.0005               0               0           10000           10001
27              23           0.001               0               0           10000           10001
27              28          0.0005               0               0           10000           10001
27              22          0.0005               0               0           10000           10001
27              24          0.0005               0               0           10000           10001
27              10          0.0005               0               0           10000           10001
27               8          0.0005               0               0           10000           10001
27              33          0.0005               0               0           10000           10001
27              31          0.0005               0               0           10000           10001
27              21          0.0005               0               0           10000           10001
27              30          0.0005               0               0           10000           10001
27              36          0.0005               0               0           10000           10001
27              29          0.0005               0               0           10000           10001
27              15          0.0005               0               0           10000           10001
13              24          0.0005               0               0           10000           10001
13              29          0.0015               0               0           10000           10001
38              47           0.001               0               0           10000           10001
38              46           0.003               0               0           10000           10001
38              18          0.0015               0               0           10000           10001
38              17          0.0045               0               0           10000           10001
38              45          0.0015               0               0           10000           10001
38              44           0.001               0               0           10000           10001
38              32          0.0005               0               0           10000           10001
38              25           0.001               0               0           10000           10001
38              26           0.001               0               0           10000           10001
38              37          0.0025               0               0           10000           10001
38              23          0.0025               0               0           10000           10001
38              28           0.001               0               0           10000           10001
38              22          0.0005               0               0           10000           10001
38              24           0.001               0               0           10000           10001
38              10          0.0005               0               0           10000           10001
38              19          0.0005               0               0           10000           10001
38              16           0.002               0               0           10000           10001
38               8          0.0005               0               0           10000           10001
38              33           0.001               0               0           10000           10001
38              31          0.0015               0               0           10000           10001
38              21           0.001               0               0           10000           10001
38              30           0.001               0               0           10000           10001
38              36          0.0015               0               0           10000           10001
38              29           0.001               0               0           10000           10001
38              15           0.002               0               0           10000           10001
47              46           0.004               0               0           10000           10001
47              45           0.001               0               0           10000           10001
47              44           0.001               0               0           10000           10001
46              18          0.0025               0               0           10000           10001
46              17          0.0025               0               0           10000           10001
46              45          0.0015               0               0           10000           10001
46              44           0.002               0               0           10000           10001
46              26          0.0005               0               0           10000           10001
46              37           0.001               0               0           10000           10001
46              23           0.001               0               0           10000           10001
46              24          0.0005               0               0           10000           10001
46              14          0.0005               0               0           10000           10001
46              15          0.0005               0               0           10000           10001
18              17          0.0035               0               0           10000           10001
18              23           0.001               0               0           10000           10001
18              24          0.0005               0               0           10000           10001
18              16           0.001               0               0           10000           10001
18              36          0.0005               0               0           10000           10001
18              14          0.0005               0               0           10000           10001
18              15           0.001               0               0           10000           10001
17              45          0.0005               0               0           10000           10001
17              32          0.0005               0               0           10000           10001
17              37           0.001               0               0           10000           10001
17              23           0.002               0               0           10000           10001
17              28           0.001               0               0           10000           10001
17              22           0.001               0               0           10000           10001
17              24          0.0065               0               0           10000           10001
17              10          0.0005               0               0           10000           10001
17              19           0.001               0               0           10000           10001
17              16           0.002               0               0           10000           10001
17               8           0.001               0               0           10000           10001
17              33          0.0005               0               0           10000           10001
17              31          0.0015               0               0           10000           10001
17              21          0.0005               0               0           10000           10001
17              30           0.001               0               0           10000           10001
17              36           0.001               0               0           10000           10001
17              29          0.0005               0               0           10000           10001
17              14           0.001               0               0           10000           10001
17               7          0.0005               0               0           10000           10001
17              15          0.0025               0               0           10000           10001
45              44           0.007               0               0           10000           10001
45              32          0.0005               0               0           10000           10001
45              37          0.0035               0               0           10000           10001
45              23          0.0005               0               0           10000           10001
45              28          0.0005               0               0           10000           10001
45              22          0.0005               0               0           10000           10001
45              24          0.0005               0               0           10000           10001
45              10          0.0005               0               0           10000           10001
45               8          0.0005               0               0           10000           10001
45              33          0.0005               0               0           10000           10001
45              31          0.0005               0               0           10000           10001
45              21          0.0005               0               0           10000           10001
45              30          0.0005               0               0           10000           10001
45              36          0.0005               0               0           10000           10001
45              29          0.0005               0               0           10000           10001
45              15          0.0005               0               0           10000           10001
44              26          0.0005               0               0           10000           10001
44              37           0.008               0               0           10000           10001
44              28           0.001               0               0           10000           10001
44               6           0.001               0               0           10000           10001
44              16           0.001               0               0           10000           10001
44              31           0.001               0               0           10000           10001
32              25          0.0045               0               0           10000           10001
32              26           0.002               0               0           10000           10001
32              37          0.0005               0               0           10000           10001
32              23           0.001               0               0           10000           10001
32              28          0.0005               0               0           10000           10001
32              22          0.0005               0               0           10000           10001
32              24          0.0005               0               0           10000           10001
32              10          0.0005               0               0           10000           10001
32               8          0.0005               0               0           10000           10001
32              33          0.0005               0               0           10000           10001
32              31          0.0005               0               0           10000           10001
32              21          0.0005               0               0           10000           10001
32              30          0.0005               0               0           10000           10001
32              36          0.0005               0               0           10000           10001
32              29          0.0005               0               0           10000           10001
32              15          0.0005               0               0           10000           10001
25              26           0.005               0               0           10000           10001
25              37          0.0005               0               0           10000           10001
25              23           0.002               0               0           10000           10001
25              16           0.001               0               0           10000           10001
25              31          0.0015               0               0           10000           10001
25              15           0.001               0               0           10000           10001
26              37           0.003               0               0           10000           10001
26              23          0.0015               0               0           10000           10001
26              19          0.0005               0               0           10000           10001
26               8          0.0005               0               0           10000           10001
26              33           0.001               0               0           10000           10001
26              15          0.0005               0               0           10000           10001
37              23           0.004               0               0           10000           10001
37              28          0.0005               0               0           10000           10001
37              22           0.001               0               0           10000           10001
37              24           0.001               0               0           10000           10001
37              10          0.0005               0               0           10000           10001
37              19          0.0005               0               0           10000           10001
37              16          0.0005               0               0           10000           10001
37               8          0.0005               0               0           10000           10001
37              33           0.001               0               0           10000           10001
37              31          0.0015               0               0           10000           10001
37              21           0.001               0               0           10000           10001
37              30           0.002               0               0           10000           10001
37              36          0.0015               0               0           10000           10001
37              29           0.002               0               0           10000           10001
37              14          0.0005               0               0           10000           10001
37              15           0.001               0               0           10000           10001
23              28          0.0005               0               0           10000           10001
23              42           0.001               0               0           10000           10001
23              22           0.002               0               0           10000           10001
23              24          0.0025               0               0           10000           10001
23              10           0.001               0               0           10000           10001
23               6           0.001               0               0           10000           10001
23              19          0.0005               0               0           10000           10001
23              16           0.002               0               0           10000           10001
23               8          0.0005               0               0           10000           10001
23              33          0.0005               0               0           10000           10001
23              31           0.001               0               0           10000           10001
23              21          0.0005               0               0           10000           10001
23              30          0.0015               0               0           10000           10001
23              36           0.001               0               0           10000           10001
23              29          0.0015               0               0           10000           10001
23              14          0.0005               0               0           10000           10001
23              15           0.001               0               0           10000           10001
28              35           0.003               0               0           10000           10001
28              22          0.0005               0               0           10000           10001
28              24          0.0015               0               0           10000           10001
28              10          0.0005               0               0           10000           10001
28               8          0.0005               0               0           10000           10001
28              33          0.0005               0               0           10000           10001
28              31          0.0005               0               0           10000           10001
28              21          0.0005               0               0           10000           10001
28              30          0.0005               0               0           10000           10001
28              36          0.0005               0               0           10000           10001
28              29          0.0005               0               0           10000           10001
28              15          0.0005               0               0           10000           10001
35              42          0.0045               0               0           10000           10001
35              22           0.002               0               0           10000           10001
35              24           0.001               0               0           10000           10001
42              22          0.0005               0               0           10000           10001
42              24           0.001               0               0           10000           10001
42              19          0.0005               0               0           10000           10001
22              48           0.001               0               0           10000           10001
22              24           0.003               0               0           10000           10001
22              10           0.001               0               0           10000           10001
22              19          0.0005               0               0           10000           10001
22              16          0.0005               0               0           10000           10001
22               8          0.0005               0               0           10000           10001
22              33          0.0005               0               0           10000           10001
22              31           0.001               0               0           10000           10001
22              21          0.0005               0               0           10000           10001
22              30           0.001               0               0           10000           10001
22              36           0.001               0               0           10000           10001
22              29           0.001               0               0           10000           10001
22              14          0.0005               0               0           10000           10001
22              15          0.0005               0               0           10000           10001
48              24           0.001               0               0           10000           10001
24              10           0.002               0               0           10000           10001
24               5          0.0005               0               0           10000           10001
24              19          0.0025               0               0           10000           10001
24              16          0.0005               0               0           10000           10001
24               8           0.001               0               0           10000           10001
24              33          0.0005               0               0           10000           10001
24              31           0.001               0               0           10000           10001
24              21          0.0005               0               0           10000           10001
24              30           0.001               0               0           10000           10001
24              36           0.001               0               0           10000           10001
24              29           0.001               0               0           10000           10001
24              14          0.0015               0               0           10000           10001
24               7          0.0005               0               0           10000           10001
24              15          0.0015               0               0           10000           10001
10               5          0.0045               0               0           10000           10001
10              16          0.0005               0               0           10000           10001
10               8           0.001               0               0           10000           10001
10              33          0.0005               0               0           10000           10001
10              31          0.0005               0               0           10000           10001
10              21          0.0005               0               0           10000           10001
10              30          0.0005               0               0           10000           10001
10              36          0.0005               0               0           10000           10001
10              29          0.0005               0               0           10000           10001
10              14          0.0005               0               0           10000           10001
10              15          0.0005               0               0           10000           10001
5               6           0.005               0               0           10000           10001
6              19           0.001               0               0           10000           10001
6              29          0.0005               0               0           10000           10001
19              16          0.0005               0               0           10000           10001
19               8          0.0005               0               0           10000           10001
19              33          0.0005               0               0           10000           10001
19              31          0.0005               0               0           10000           10001
19              29          0.0005               0               0           10000           10001
19              14          0.0015               0               0           10000           10001
19               7          0.0005               0               0           10000           10001
19              15           0.001               0               0           10000           10001
16               8           0.004               0               0           10000           10001
16              30          0.0005               0               0           10000           10001
16              36          0.0005               0               0           10000           10001
16              29          0.0005               0               0           10000           10001
16              15           0.001               0               0           10000           10001
8              33          0.0005               0               0           10000           10001
8              31          0.0005               0               0           10000           10001
8              21          0.0005               0               0           10000           10001
8              30          0.0005               0               0           10000           10001
8              36          0.0005               0               0           10000           10001
8              29          0.0005               0               0           10000           10001
8              14           0.001               0               0           10000           10001
8               7          0.0005               0               0           10000           10001
8              15          0.0015               0               0           10000           10001
34              33           0.004               0               0           10000           10001
34              12          0.0025               0               0           10000           10001
34              31           0.001               0               0           10000           10001
34              21          0.0005               0               0           10000           10001
33              31           0.001               0               0           10000           10001
33              21          0.0005               0               0           10000           10001
33              30          0.0005               0               0           10000           10001
33              36          0.0005               0               0           10000           10001
33              29          0.0005               0               0           10000           10001
33              15           0.001               0               0           10000           10001
12              31           0.003               0               0           10000           10001
12              30           0.001               0               0           10000           10001
31              21           0.001               0               0           10000           10001
31              30           0.003               0               0           10000           10001
31              36          0.0015               0               0           10000           10001
31              29           0.001               0               0           10000           10001
31              14          0.0005               0               0           10000           10001
31              15          0.0005               0               0           10000           10001
21              30           0.001               0               0           10000           10001
21              36          0.0005               0               0           10000           10001
21              29          0.0005               0               0           10000           10001
21              15          0.0005               0               0           10000           10001
30              36          0.0015               0               0           10000           10001
30              29           0.001               0               0           10000           10001
30              14           0.001               0               0           10000           10001
30              15          0.0005               0               0           10000           10001
36              29          0.0035               0               0           10000           10001
36              14          0.0005               0               0           10000           10001
36              15           0.001               0               0           10000           10001
29              14          0.0005               0               0           10000           10001
29              15          0.0005               0               0           10000           10001
14               0          0.0025               0               0           10000           10001
14               7           0.004               0               0           10000           10001
14              15           0.003               0               0           10000           10001
0               7           0.005               0               0           10000           10001
0              15           0.001               0               0           10000           10001
7              15           0.003               0               0           10000           10001
