12               8       0.0065625               0               0           10000           10001
8               4       0.0339375               0               0           10000           10001
4               0       0.0339375               0               0           10000           10001
0               1       0.0339375               0               0           10000           10001
1               2      0.03346875               0               0           10000           10001
2               3      0.03309375               0               0           10000           10001
3               7        0.028125               0               0           10000           10001
7              10      0.02934375               0               0           10000           10001
10               6      0.02934375               0               0           10000           10001
6              10       0.0088125               0               0           10000           10001
6               7        0.046875               0               0           10000           10001
9               2          0.0015               0               0           10000           10001
9              10          0.0015               0               0           10000           10001
9              11          0.0015               0               0           10000           10001
13               9          0.0015               0               0           10000           10001
14              13          0.0015               0               0           10000           10001
14              11          0.0015               0               0           10000           10001
11              15      0.01471875               0               0           10000           10001
15              14          0.0015               0               0           10000           10001
0               5      0.00459375               0               0           10000           10001
5               1      0.00253125               0               0           10000           10001
