12              11           0.005               0               0           10000           10001
12              17            0.01               0               0           10000           10001
4               3           0.015               0               0           10000           10001
4               2           0.005               0               0           10000           10001
4               9           0.005               0               0           10000           10001
4               8           0.005               0               0           10000           10001
4               1           0.005               0               0           10000           10001
4               5           0.005               0               0           10000           10001
4              24            0.01               0               0           10000           10001
4              14           0.005               0               0           10000           10001
4              19           0.005               0               0           10000           10001
3               2            0.01               0               0           10000           10001
3               9           0.005               0               0           10000           10001
3               8           0.005               0               0           10000           10001
3               1           0.005               0               0           10000           10001
3              23           0.005               0               0           10000           10001
2               9           0.005               0               0           10000           10001
2               8           0.005               0               0           10000           10001
2               1           0.005               0               0           10000           10001
9               8           0.005               0               0           10000           10001
9               1           0.005               0               0           10000           10001
8              13           0.005               0               0           10000           10001
8               1           0.005               0               0           10000           10001
7               1           0.005               0               0           10000           10001
1               5           0.005               0               0           10000           10001
1               6           0.005               0               0           10000           10001
1               0            0.01               0               0           10000           10001
1              11           0.005               0               0           10000           10001
1              16           0.005               0               0           10000           10001
15               5           0.005               0               0           10000           10001
15              16           0.005               0               0           10000           10001
20               5           0.005               0               0           10000           10001
10               5           0.005               0               0           10000           10001
10               0           0.005               0               0           10000           10001
5               0            0.01               0               0           10000           10001
24              14           0.005               0               0           10000           10001
24              19            0.02               0               0           10000           10001
24              23            0.02               0               0           10000           10001
14              19            0.01               0               0           10000           10001
14              23           0.005               0               0           10000           10001
14              17           0.005               0               0           10000           10001
19              23            0.01               0               0           10000           10001
6              11           0.005               0               0           10000           10001
6              16           0.005               0               0           10000           10001
23              18           0.005               0               0           10000           10001
21              17           0.005               0               0           10000           10001
21              22           0.005               0               0           10000           10001
11              16           0.015               0               0           10000           10001
11              17           0.005               0               0           10000           10001
16              17           0.005               0               0           10000           10001
17              22            0.01               0               0           10000           10001
