19              24   0.00705046875               0               0           10000           10001
19              14    0.0109568438               0               0           10000           10001
14              20      0.00317325               0               0           10000           10001
14              24   1.846875e-005               0               0           10000           10001
24              19        0.003564               0               0           10000           10001
8               6       1.35e-005               0               0           10000           10001
8               4   6.009375e-005               0               0           10000           10001
9              14     0.003569625               0               0           10000           10001
20              15      0.00317325               0               0           10000           10001
20              24   0.00156478125               0               0           10000           10001
7               4    2.34375e-006               0               0           10000           10001
4              10        7.5e-006               0               0           10000           10001
4               3        0.002649               0               0           10000           10001
3               2   0.00066234375               0               0           10000           10001
21              22     7.1625e-005               0               0           10000           10001
15              20   0.00156478125               0               0           10000           10001
15              21      0.00317325               0               0           10000           10001
23              17      0.00264825               0               0           10000           10001
2               1   0.00066234375               0               0           10000           10001
16              17    2.34375e-006               0               0           10000           10001
13              18   0.00066196875               0               0           10000           10001
13              23   0.00066196875               0               0           10000           10001
18              23      0.00264825               0               0           10000           10001
0               5        0.003564               0               0           10000           10001
0               1        0.003564               0               0           10000           10001
6              11      0.00034425               0               0           10000           10001
6               0   1.846875e-005               0               0           10000           10001
17              16        7.5e-006               0               0           10000           10001
17              12          6e-005               0               0           10000           10001
12              22          6e-005               0               0           10000           10001
10               0      0.00034425               0               0           10000           10001
5               0        0.007086               0               0           10000           10001
11              10      0.00034425               0               0           10000           10001
