0               3         0.00955               0               0           10000           10001
3               0         0.00955               0               0           10000           10001
6               3            0.03               0               0           10000           10001
3               6            0.03               0               0           10000           10001
3               1        0.003025               0               0           10000           10001
1               3        0.003025               0               0           10000           10001
3               4          0.0471               0               0           10000           10001
4               3          0.0471               0               0           10000           10001
6               7         0.01785               0               0           10000           10001
7               6         0.01785               0               0           10000           10001
7               4           0.002               0               0           10000           10001
4               7           0.002               0               0           10000           10001
1               2           0.025               0               0           10000           10001
2               1           0.025               0               0           10000           10001
4               2          0.0008               0               0           10000           10001
2               4          0.0008               0               0           10000           10001
4               5          0.0351               0               0           10000           10001
5               4          0.0351               0               0           10000           10001
5               8          0.0125               0               0           10000           10001
8               5          0.0125               0               0           10000           10001
