23              13   0.00705046875               0               0           10000           10001
23              18    0.0109568438               0               0           10000           10001
18              17      0.00317325               0               0           10000           10001
18              13   1.846875e-005               0               0           10000           10001
13              23        0.003564               0               0           10000           10001
10              20       1.35e-005               0               0           10000           10001
10               0   6.009375e-005               0               0           10000           10001
19              18     0.003569625               0               0           10000           10001
17              22      0.00317325               0               0           10000           10001
17              13   0.00156478125               0               0           10000           10001
24               0    2.34375e-006               0               0           10000           10001
0               8        7.5e-006               0               0           10000           10001
0               1        0.002649               0               0           10000           10001
1               2   0.00066234375               0               0           10000           10001
12              16     7.1625e-005               0               0           10000           10001
22              17   0.00156478125               0               0           10000           10001
22              12      0.00317325               0               0           10000           10001
4               3      0.00264825               0               0           10000           10001
2               7   0.00066234375               0               0           10000           10001
15               3    2.34375e-006               0               0           10000           10001
14               9   0.00066196875               0               0           10000           10001
14               4   0.00066196875               0               0           10000           10001
9               4      0.00264825               0               0           10000           10001
6               5        0.003564               0               0           10000           10001
6               7        0.003564               0               0           10000           10001
20              21      0.00034425               0               0           10000           10001
20               6   1.846875e-005               0               0           10000           10001
3              15        7.5e-006               0               0           10000           10001
3              11          6e-005               0               0           10000           10001
11              16          6e-005               0               0           10000           10001
8               6      0.00034425               0               0           10000           10001
5               6        0.007086               0               0           10000           10001
21               8      0.00034425               0               0           10000           10001
